function J=Jwe(e)





q0 = e(1); 
q1 = e(2);
q2 = e(3);
q3 = e(4);



% R_O_Desired=[-0.7071    0.7071         0; ...
%     0.7071    0.7071         0; ...
%          0         0   -1.0000];



J = -4*(1/2)*[q0 -q3  q2;...
             q3  q0 -q1;...
            -q2  q1  q0];
  
        